[
    {
        "id": 0,
        "img_name": "1.jpg",
        "width": 1280,
        "height": 720,
        "position": [
            -0.052710222675532846,
            -0.012358065829540656,
            1.1367883007680417
        ],
        "rotation": [
            [
                0.1479111291774422,
                0.9888613616332858,
                -0.016598353358645013
            ],
            [
                0.4766287946149439,
                -0.08597811805191258,
                -0.8748901390232703
            ],
            [
                -0.8665721493386225,
                0.12149473521521725,
                -0.48403691936217474
            ]
        ],
        "fy": 913.0206298828125,
        "fx": 914.211181640625
    },
    {
        "id": 1,
        "img_name": "2.jpg",
        "width": 1280,
        "height": 720,
        "position": [
            -0.052710222675532846,
            -0.012358065829540656,
            1.1367883007680417
        ],
        "rotation": [
            [
                -0.36633588544653617,
                0.9303346245840173,
                -0.016598353358645013
            ],
            [
                0.45576170333765337,
                0.16385516290493818,
                -0.8748901390232703
            ],
            [
                -0.811220863146938,
                -0.3280685475468692,
                -0.48403691936217474
            ]
        ],
        "fy": 913.0206298828125,
        "fx": 914.211181640625
    },
    {
        "id": 2,
        "img_name": "3.jpg",
        "width": 1280,
        "height": 720,
        "position": [
            -0.052710222675532846,
            -0.012358065829540656,
            1.1367883007680417
        ],
        "rotation": [
            [
                -0.782423495406575,
                0.6225254761867496,
                -0.016598353358645013
            ],
            [
                0.3127736317100057,
                0.36978358528574073,
                -0.8748901390232703
            ],
            [
                -0.5385036017917533,
                -0.6897261279317207,
                -0.48403691936217474
            ]
        ],
        "fy": 913.0206298828125,
        "fx": 914.211181640625
    },
    {
        "id": 3,
        "img_name": "4.jpg",
        "width": 1280,
        "height": 720,
        "position": [
            -0.052710222675532846,
            -0.012358065829540656,
            1.1367883007680417
        ],
        "rotation": [
            [
                -0.9888613616332858,
                0.14791112917744226,
                -0.016598353358645013
            ],
            [
                0.0859781180519126,
                0.4766287946149439,
                -0.8748901390232703
            ],
            [
                -0.12149473521521731,
                -0.8665721493386225,
                -0.48403691936217474
            ]
        ],
        "fy": 913.0206298828125,
        "fx": 914.211181640625
    },
    {
        "id": 4,
        "img_name": "5.jpg",
        "width": 1280,
        "height": 720,
        "position": [
            -0.052710222675532846,
            -0.012358065829540656,
            1.1367883007680417
        ],
        "rotation": [
            [
                -0.9303346245840173,
                -0.36633588544653606,
                -0.016598353358645013
            ],
            [
                -0.16385516290493812,
                0.45576170333765337,
                -0.8748901390232703
            ],
            [
                0.3280685475468691,
                -0.811220863146938,
                -0.48403691936217474
            ]
        ],
        "fy": 913.0206298828125,
        "fx": 914.211181640625
    },
    {
        "id": 5,
        "img_name": "6.jpg",
        "width": 1280,
        "height": 720,
        "position": [
            -0.052710222675532846,
            -0.012358065829540656,
            1.1367883007680417
        ],
        "rotation": [
            [
                -0.6225254761867495,
                -0.7824234954065751,
                -0.016598353358645013
            ],
            [
                -0.3697835852857408,
                0.31277363171000566,
                -0.8748901390232703
            ],
            [
                0.6897261279317208,
                -0.5385036017917532,
                -0.48403691936217474
            ]
        ],
        "fy": 913.0206298828125,
        "fx": 914.211181640625
    },
    {
        "id": 6,
        "img_name": "7.jpg",
        "width": 1280,
        "height": 720,
        "position": [
            -0.052710222675532846,
            -0.012358065829540656,
            1.1367883007680417
        ],
        "rotation": [
            [
                -0.1479111291774423,
                -0.9888613616332858,
                -0.016598353358645013
            ],
            [
                -0.4766287946149439,
                0.08597811805191263,
                -0.8748901390232703
            ],
            [
                0.8665721493386225,
                -0.12149473521521736,
                -0.48403691936217474
            ]
        ],
        "fy": 913.0206298828125,
        "fx": 914.211181640625
    },
    {
        "id": 7,
        "img_name": "8.jpg",
        "width": 1280,
        "height": 720,
        "position": [
            -0.052710222675532846,
            -0.012358065829540656,
            1.1367883007680417
        ],
        "rotation": [
            [
                0.36633588544653634,
                -0.9303346245840172,
                -0.016598353358645013
            ],
            [
                -0.4557617033376533,
                -0.1638551629049383,
                -0.8748901390232703
            ],
            [
                0.8112208631469381,
                0.32806854754686937,
                -0.48403691936217474
            ]
        ],
        "fy": 913.0206298828125,
        "fx": 914.211181640625
    },
    {
        "id": 8,
        "img_name": "9.jpg",
        "width": 1280,
        "height": 720,
        "position": [
            -0.052710222675532846,
            -0.012358065829540656,
            1.1367883007680417
        ],
        "rotation": [
            [
                0.7824234954065746,
                -0.6225254761867499,
                -0.016598353358645013
            ],
            [
                -0.3127736317100059,
                -0.36978358528574057,
                -0.8748901390232703
            ],
            [
                0.5385036017917536,
                0.6897261279317205,
                -0.48403691936217474
            ]
        ],
        "fy": 913.0206298828125,
        "fx": 914.211181640625
    },
    {
        "id": 9,
        "img_name": "10.jpg",
        "width": 1280,
        "height": 720,
        "position": [
            -0.052710222675532846,
            -0.012358065829540656,
            1.1367883007680417
        ],
        "rotation": [
            [
                0.9888613616332858,
                -0.1479111291774424,
                -0.016598353358645013
            ],
            [
                -0.08597811805191266,
                -0.4766287946149439,
                -0.8748901390232703
            ],
            [
                0.1214947352152174,
                0.8665721493386225,
                -0.48403691936217474
            ]
        ],
        "fy": 913.0206298828125,
        "fx": 914.211181640625
    },
    {
        "id": 10,
        "img_name": "11.jpg",
        "width": 1280,
        "height": 720,
        "position": [
            -0.052710222675532846,
            -0.012358065829540656,
            1.1367883007680417
        ],
        "rotation": [
            [
                0.9303346245840172,
                0.36633588544653634,
                -0.016598353358645013
            ],
            [
                0.1638551629049383,
                -0.4557617033376533,
                -0.8748901390232703
            ],
            [
                -0.32806854754686937,
                0.8112208631469381,
                -0.48403691936217474
            ]
        ],
        "fy": 913.0206298828125,
        "fx": 914.211181640625
    },
    {
        "id": 11,
        "img_name": "12.jpg",
        "width": 1280,
        "height": 720,
        "position": [
            -0.052710222675532846,
            -0.012358065829540656,
            1.1367883007680417
        ],
        "rotation": [
            [
                0.6225254761867499,
                0.7824234954065746,
                -0.016598353358645013
            ],
            [
                0.36978358528574057,
                -0.3127736317100059,
                -0.8748901390232703
            ],
            [
                -0.6897261279317205,
                0.5385036017917536,
                -0.48403691936217474
            ]
        ],
        "fy": 913.0206298828125,
        "fx": 914.211181640625
    }
]