[
    {
        "id": 0,
        "img_name": "1.jpg",
        "width": 1280,
        "height": 720,
        "position": [
            -0.05428338224897756,
            -0.01252257570524137,
            1.1402130632600889
        ],
        "rotation": [
            [
                0.13538477583965736,
                0.9905531461845499,
                -0.02180428982414717
            ],
            [
                0.49833513541339924,
                -0.08709813959991441,
                -0.86259840417818
            ],
            [
                -0.8563486762314488,
                0.10591684786719974,
                -0.505419198343832
            ]
        ],
        "fy": 913.0206298828125,
        "fx": 914.211181640625
    },
    {
        "id": 1,
        "img_name": "2.jpg",
        "width": 1280,
        "height": 720,
        "position": [
            -0.05428338224897756,
            -0.01252257570524137,
            1.1402130632600889
        ],
        "rotation": [
            [
                -0.37802991792946994,
                0.9255365763142497,
                -0.02180428982414717
            ],
            [
                0.47511995666631923,
                0.1737383661908103,
                -0.86259840417818
            ],
            [
                -0.7945781320472098,
                -0.33644765717395775,
                -0.505419198343832
            ]
        ],
        "fy": 913.0206298828125,
        "fx": 914.211181640625
    },
    {
        "id": 2,
        "img_name": "3.jpg",
        "width": 1280,
        "height": 720,
        "position": [
            -0.05428338224897756,
            -0.01252257570524137,
            1.1402130632600889
        ],
        "rotation": [
            [
                -0.7901518004745922,
                0.61252322825508,
                -0.02180428982414717
            ],
            [
                0.32459676922258895,
                0.38802181706640476,
                -0.86259840417818
            ],
            [
                -0.5199010190574911,
                -0.6886612841800102,
                -0.505419198343832
            ]
        ],
        "fy": 913.0206298828125,
        "fx": 914.211181640625
    },
    {
        "id": 3,
        "img_name": "4.jpg",
        "width": 1280,
        "height": 720,
        "position": [
            -0.05428338224897756,
            -0.01252257570524137,
            1.1402130632600889
        ],
        "rotation": [
            [
                -0.9905531461845499,
                0.1353847758396574,
                -0.02180428982414717
            ],
            [
                0.08709813959991444,
                0.49833513541339924,
                -0.86259840417818
            ],
            [
                -0.10591684786719979,
                -0.8563486762314488,
                -0.505419198343832
            ]
        ],
        "fy": 913.0206298828125,
        "fx": 914.211181640625
    },
    {
        "id": 4,
        "img_name": "5.jpg",
        "width": 1280,
        "height": 720,
        "position": [
            -0.05428338224897756,
            -0.01252257570524137,
            1.1402130632600889
        ],
        "rotation": [
            [
                -0.9255365763142497,
                -0.3780299179294698,
                -0.02180428982414717
            ],
            [
                -0.17373836619081023,
                0.47511995666631923,
                -0.86259840417818
            ],
            [
                0.33644765717395764,
                -0.7945781320472098,
                -0.505419198343832
            ]
        ],
        "fy": 913.0206298828125,
        "fx": 914.211181640625
    },
    {
        "id": 5,
        "img_name": "6.jpg",
        "width": 1280,
        "height": 720,
        "position": [
            -0.05428338224897756,
            -0.01252257570524137,
            1.1402130632600889
        ],
        "rotation": [
            [
                -0.6125232282550799,
                -0.7901518004745923,
                -0.02180428982414717
            ],
            [
                -0.3880218170664048,
                0.3245967692225889,
                -0.86259840417818
            ],
            [
                0.6886612841800102,
                -0.519901019057491,
                -0.505419198343832
            ]
        ],
        "fy": 913.0206298828125,
        "fx": 914.211181640625
    },
    {
        "id": 6,
        "img_name": "7.jpg",
        "width": 1280,
        "height": 720,
        "position": [
            -0.05428338224897756,
            -0.01252257570524137,
            1.1402130632600889
        ],
        "rotation": [
            [
                -0.13538477583965747,
                -0.9905531461845499,
                -0.02180428982414717
            ],
            [
                -0.49833513541339924,
                0.08709813959991447,
                -0.86259840417818
            ],
            [
                0.8563486762314488,
                -0.10591684786719985,
                -0.505419198343832
            ]
        ],
        "fy": 913.0206298828125,
        "fx": 914.211181640625
    },
    {
        "id": 7,
        "img_name": "8.jpg",
        "width": 1280,
        "height": 720,
        "position": [
            -0.05428338224897756,
            -0.01252257570524137,
            1.1402130632600889
        ],
        "rotation": [
            [
                0.3780299179294701,
                -0.9255365763142496,
                -0.02180428982414717
            ],
            [
                -0.4751199566663192,
                -0.1737383661908104,
                -0.86259840417818
            ],
            [
                0.7945781320472098,
                0.3364476571739579,
                -0.505419198343832
            ]
        ],
        "fy": 913.0206298828125,
        "fx": 914.211181640625
    },
    {
        "id": 8,
        "img_name": "9.jpg",
        "width": 1280,
        "height": 720,
        "position": [
            -0.05428338224897756,
            -0.01252257570524137,
            1.1402130632600889
        ],
        "rotation": [
            [
                0.7901518004745919,
                -0.6125232282550803,
                -0.02180428982414717
            ],
            [
                -0.3245967692225891,
                -0.3880218170664046,
                -0.86259840417818
            ],
            [
                0.5199010190574914,
                0.6886612841800098,
                -0.505419198343832
            ]
        ],
        "fy": 913.0206298828125,
        "fx": 914.211181640625
    },
    {
        "id": 9,
        "img_name": "10.jpg",
        "width": 1280,
        "height": 720,
        "position": [
            -0.05428338224897756,
            -0.01252257570524137,
            1.1402130632600889
        ],
        "rotation": [
            [
                0.9905531461845499,
                -0.13538477583965755,
                -0.02180428982414717
            ],
            [
                -0.08709813959991451,
                -0.49833513541339924,
                -0.86259840417818
            ],
            [
                0.10591684786719989,
                0.8563486762314488,
                -0.505419198343832
            ]
        ],
        "fy": 913.0206298828125,
        "fx": 914.211181640625
    },
    {
        "id": 10,
        "img_name": "11.jpg",
        "width": 1280,
        "height": 720,
        "position": [
            -0.05428338224897756,
            -0.01252257570524137,
            1.1402130632600889
        ],
        "rotation": [
            [
                0.9255365763142496,
                0.3780299179294701,
                -0.02180428982414717
            ],
            [
                0.1737383661908104,
                -0.4751199566663192,
                -0.86259840417818
            ],
            [
                -0.3364476571739579,
                0.7945781320472098,
                -0.505419198343832
            ]
        ],
        "fy": 913.0206298828125,
        "fx": 914.211181640625
    },
    {
        "id": 11,
        "img_name": "12.jpg",
        "width": 1280,
        "height": 720,
        "position": [
            -0.05428338224897756,
            -0.01252257570524137,
            1.1402130632600889
        ],
        "rotation": [
            [
                0.6125232282550803,
                0.7901518004745919,
                -0.02180428982414717
            ],
            [
                0.3880218170664046,
                -0.3245967692225891,
                -0.86259840417818
            ],
            [
                -0.6886612841800098,
                0.5199010190574914,
                -0.505419198343832
            ]
        ],
        "fy": 913.0206298828125,
        "fx": 914.211181640625
    }
]