{
    "camera_angle_x": 1.2215285290181455,
    "frames": [
        {
            "file_path": "./images/1",
            "rotation": 0.012566370614359171,
            "transform_matrix": [
                [
                    0.1479111291774422,
                    0.9888613616332858,
                    -0.016598353358645013,
                    -0.052710222675532846
                ],
                [
                    0.4766287946149439,
                    -0.08597811805191258,
                    -0.8748901390232703,
                    -0.012358065829540656
                ],
                [
                    -0.8665721493386225,
                    0.12149473521521725,
                    -0.48403691936217474,
                    1.1367883007680417
                ],
                [
                    0.0,
                    0.0,
                    0.0,
                    1.0
                ]
            ]
        },
        {
            "file_path": "./images/7",
            "rotation": 0.012566370614359171,
            "transform_matrix": [
                [
                    -0.1479111291774423,
                    -0.9888613616332858,
                    -0.016598353358645013,
                    -0.052710222675532846
                ],
                [
                    -0.4766287946149439,
                    0.08597811805191263,
                    -0.8748901390232703,
                    -0.012358065829540656
                ],
                [
                    0.8665721493386225,
                    -0.12149473521521736,
                    -0.48403691936217474,
                    1.1367883007680417
                ],
                [
                    0.0,
                    0.0,
                    0.0,
                    1.0
                ]
            ]
        },
        {
            "file_path": "./images/8",
            "rotation": 0.012566370614359171,
            "transform_matrix": [
                [
                    0.36633588544653634,
                    -0.9303346245840172,
                    -0.016598353358645013,
                    -0.052710222675532846
                ],
                [
                    -0.4557617033376533,
                    -0.1638551629049383,
                    -0.8748901390232703,
                    -0.012358065829540656
                ],
                [
                    0.8112208631469381,
                    0.32806854754686937,
                    -0.48403691936217474,
                    1.1367883007680417
                ],
                [
                    0.0,
                    0.0,
                    0.0,
                    1.0
                ]
            ]
        },
        {
            "file_path": "./images/11",
            "rotation": 0.012566370614359171,
            "transform_matrix": [
                [
                    0.9303346245840172,
                    0.36633588544653634,
                    -0.016598353358645013,
                    -0.052710222675532846
                ],
                [
                    0.1638551629049383,
                    -0.4557617033376533,
                    -0.8748901390232703,
                    -0.012358065829540656
                ],
                [
                    -0.32806854754686937,
                    0.8112208631469381,
                    -0.48403691936217474,
                    1.1367883007680417
                ],
                [
                    0.0,
                    0.0,
                    0.0,
                    1.0
                ]
            ]
        },
        {
            "file_path": "./images/6",
            "rotation": 0.012566370614359171,
            "transform_matrix": [
                [
                    -0.6225254761867495,
                    -0.7824234954065751,
                    -0.016598353358645013,
                    -0.052710222675532846
                ],
                [
                    -0.3697835852857408,
                    0.31277363171000566,
                    -0.8748901390232703,
                    -0.012358065829540656
                ],
                [
                    0.6897261279317208,
                    -0.5385036017917532,
                    -0.48403691936217474,
                    1.1367883007680417
                ],
                [
                    0.0,
                    0.0,
                    0.0,
                    1.0
                ]
            ]
        },
        {
            "file_path": "./images/10",
            "rotation": 0.012566370614359171,
            "transform_matrix": [
                [
                    0.9888613616332858,
                    -0.1479111291774424,
                    -0.016598353358645013,
                    -0.052710222675532846
                ],
                [
                    -0.08597811805191266,
                    -0.4766287946149439,
                    -0.8748901390232703,
                    -0.012358065829540656
                ],
                [
                    0.1214947352152174,
                    0.8665721493386225,
                    -0.48403691936217474,
                    1.1367883007680417
                ],
                [
                    0.0,
                    0.0,
                    0.0,
                    1.0
                ]
            ]
        },
        {
            "file_path": "./images/12",
            "rotation": 0.012566370614359171,
            "transform_matrix": [
                [
                    0.6225254761867499,
                    0.7824234954065746,
                    -0.016598353358645013,
                    -0.052710222675532846
                ],
                [
                    0.36978358528574057,
                    -0.3127736317100059,
                    -0.8748901390232703,
                    -0.012358065829540656
                ],
                [
                    -0.6897261279317205,
                    0.5385036017917536,
                    -0.48403691936217474,
                    1.1367883007680417
                ],
                [
                    0.0,
                    0.0,
                    0.0,
                    1.0
                ]
            ]
        },
        {
            "file_path": "./images/5",
            "rotation": 0.012566370614359171,
            "transform_matrix": [
                [
                    -0.9303346245840173,
                    -0.36633588544653606,
                    -0.016598353358645013,
                    -0.052710222675532846
                ],
                [
                    -0.16385516290493812,
                    0.45576170333765337,
                    -0.8748901390232703,
                    -0.012358065829540656
                ],
                [
                    0.3280685475468691,
                    -0.811220863146938,
                    -0.48403691936217474,
                    1.1367883007680417
                ],
                [
                    0.0,
                    0.0,
                    0.0,
                    1.0
                ]
            ]
        },
        {
            "file_path": "./images/2",
            "rotation": 0.012566370614359171,
            "transform_matrix": [
                [
                    -0.36633588544653617,
                    0.9303346245840173,
                    -0.016598353358645013,
                    -0.052710222675532846
                ],
                [
                    0.45576170333765337,
                    0.16385516290493818,
                    -0.8748901390232703,
                    -0.012358065829540656
                ],
                [
                    -0.811220863146938,
                    -0.3280685475468692,
                    -0.48403691936217474,
                    1.1367883007680417
                ],
                [
                    0.0,
                    0.0,
                    0.0,
                    1.0
                ]
            ]
        },
        {
            "file_path": "./images/9",
            "rotation": 0.012566370614359171,
            "transform_matrix": [
                [
                    0.7824234954065746,
                    -0.6225254761867499,
                    -0.016598353358645013,
                    -0.052710222675532846
                ],
                [
                    -0.3127736317100059,
                    -0.36978358528574057,
                    -0.8748901390232703,
                    -0.012358065829540656
                ],
                [
                    0.5385036017917536,
                    0.6897261279317205,
                    -0.48403691936217474,
                    1.1367883007680417
                ],
                [
                    0.0,
                    0.0,
                    0.0,
                    1.0
                ]
            ]
        }
    ]
}