{
    "camera_angle_x": 1.2215285290181455,
    "frames": [
        {
            "file_path": "./images/11",
            "rotation": 0.012566370614359171,
            "transform_matrix": [
                [
                    0.9255365763142496,
                    0.3780299179294701,
                    -0.02180428982414717,
                    -0.05428338224897756
                ],
                [
                    0.1737383661908104,
                    -0.4751199566663192,
                    -0.86259840417818,
                    -0.01252257570524137
                ],
                [
                    -0.3364476571739579,
                    0.7945781320472098,
                    -0.505419198343832,
                    1.1402130632600889
                ],
                [
                    0.0,
                    0.0,
                    0.0,
                    1.0
                ]
            ]
        },
        {
            "file_path": "./images/10",
            "rotation": 0.012566370614359171,
            "transform_matrix": [
                [
                    0.9905531461845499,
                    -0.13538477583965755,
                    -0.02180428982414717,
                    -0.05428338224897756
                ],
                [
                    -0.08709813959991451,
                    -0.49833513541339924,
                    -0.86259840417818,
                    -0.01252257570524137
                ],
                [
                    0.10591684786719989,
                    0.8563486762314488,
                    -0.505419198343832,
                    1.1402130632600889
                ],
                [
                    0.0,
                    0.0,
                    0.0,
                    1.0
                ]
            ]
        },
        {
            "file_path": "./images/2",
            "rotation": 0.012566370614359171,
            "transform_matrix": [
                [
                    -0.37802991792946994,
                    0.9255365763142497,
                    -0.02180428982414717,
                    -0.05428338224897756
                ],
                [
                    0.47511995666631923,
                    0.1737383661908103,
                    -0.86259840417818,
                    -0.01252257570524137
                ],
                [
                    -0.7945781320472098,
                    -0.33644765717395775,
                    -0.505419198343832,
                    1.1402130632600889
                ],
                [
                    0.0,
                    0.0,
                    0.0,
                    1.0
                ]
            ]
        },
        {
            "file_path": "./images/3",
            "rotation": 0.012566370614359171,
            "transform_matrix": [
                [
                    -0.7901518004745922,
                    0.61252322825508,
                    -0.02180428982414717,
                    -0.05428338224897756
                ],
                [
                    0.32459676922258895,
                    0.38802181706640476,
                    -0.86259840417818,
                    -0.01252257570524137
                ],
                [
                    -0.5199010190574911,
                    -0.6886612841800102,
                    -0.505419198343832,
                    1.1402130632600889
                ],
                [
                    0.0,
                    0.0,
                    0.0,
                    1.0
                ]
            ]
        },
        {
            "file_path": "./images/12",
            "rotation": 0.012566370614359171,
            "transform_matrix": [
                [
                    0.6125232282550803,
                    0.7901518004745919,
                    -0.02180428982414717,
                    -0.05428338224897756
                ],
                [
                    0.3880218170664046,
                    -0.3245967692225891,
                    -0.86259840417818,
                    -0.01252257570524137
                ],
                [
                    -0.6886612841800098,
                    0.5199010190574914,
                    -0.505419198343832,
                    1.1402130632600889
                ],
                [
                    0.0,
                    0.0,
                    0.0,
                    1.0
                ]
            ]
        },
        {
            "file_path": "./images/5",
            "rotation": 0.012566370614359171,
            "transform_matrix": [
                [
                    -0.9255365763142497,
                    -0.3780299179294698,
                    -0.02180428982414717,
                    -0.05428338224897756
                ],
                [
                    -0.17373836619081023,
                    0.47511995666631923,
                    -0.86259840417818,
                    -0.01252257570524137
                ],
                [
                    0.33644765717395764,
                    -0.7945781320472098,
                    -0.505419198343832,
                    1.1402130632600889
                ],
                [
                    0.0,
                    0.0,
                    0.0,
                    1.0
                ]
            ]
        },
        {
            "file_path": "./images/1",
            "rotation": 0.012566370614359171,
            "transform_matrix": [
                [
                    0.13538477583965736,
                    0.9905531461845499,
                    -0.02180428982414717,
                    -0.05428338224897756
                ],
                [
                    0.49833513541339924,
                    -0.08709813959991441,
                    -0.86259840417818,
                    -0.01252257570524137
                ],
                [
                    -0.8563486762314488,
                    0.10591684786719974,
                    -0.505419198343832,
                    1.1402130632600889
                ],
                [
                    0.0,
                    0.0,
                    0.0,
                    1.0
                ]
            ]
        },
        {
            "file_path": "./images/9",
            "rotation": 0.012566370614359171,
            "transform_matrix": [
                [
                    0.7901518004745919,
                    -0.6125232282550803,
                    -0.02180428982414717,
                    -0.05428338224897756
                ],
                [
                    -0.3245967692225891,
                    -0.3880218170664046,
                    -0.86259840417818,
                    -0.01252257570524137
                ],
                [
                    0.5199010190574914,
                    0.6886612841800098,
                    -0.505419198343832,
                    1.1402130632600889
                ],
                [
                    0.0,
                    0.0,
                    0.0,
                    1.0
                ]
            ]
        },
        {
            "file_path": "./images/7",
            "rotation": 0.012566370614359171,
            "transform_matrix": [
                [
                    -0.13538477583965747,
                    -0.9905531461845499,
                    -0.02180428982414717,
                    -0.05428338224897756
                ],
                [
                    -0.49833513541339924,
                    0.08709813959991447,
                    -0.86259840417818,
                    -0.01252257570524137
                ],
                [
                    0.8563486762314488,
                    -0.10591684786719985,
                    -0.505419198343832,
                    1.1402130632600889
                ],
                [
                    0.0,
                    0.0,
                    0.0,
                    1.0
                ]
            ]
        },
        {
            "file_path": "./images/8",
            "rotation": 0.012566370614359171,
            "transform_matrix": [
                [
                    0.3780299179294701,
                    -0.9255365763142496,
                    -0.02180428982414717,
                    -0.05428338224897756
                ],
                [
                    -0.4751199566663192,
                    -0.1737383661908104,
                    -0.86259840417818,
                    -0.01252257570524137
                ],
                [
                    0.7945781320472098,
                    0.3364476571739579,
                    -0.505419198343832,
                    1.1402130632600889
                ],
                [
                    0.0,
                    0.0,
                    0.0,
                    1.0
                ]
            ]
        }
    ]
}